	all		<= 0.67
	
	#words	#trans	#words	#trans
total	880088	1601555	872033	1531519

mk	10286	19692	10286	19639
bg	10286	19111	10278	18053
uk	10275	20821	10275	20546
sr	10261	17783	10261	17034
ta	10254	26048	10254	23736
lt	10222	16110	10015	13969
el	10205	18102	10197	17411
is	10196	17124	10156	15539
lv	10190	15236	10151	14361
tl	10175	20169	10175	20169
bn	10174	23787	10174	23787
bs	10170	19876	10170	19287
ar	10160	23117	10160	23107
hu	10155	20498	10155	19060
hi	10155	24911	10155	24735
te	10154	23621	10154	23472
scn	10149	17989	10149	17318
ml	10149	23956	10149	23685
gl	10147	13382	10107	12058
be	10145	15404	10145	14847
sl	10142	20507	9784	16198
hr	10141	17863	10061	15704
ur	10140	23542	10140	23489
eu	10137	13357	10057	12775
eo	10130	13268	9835	11795
sh	10129	17110	10129	16596
cs	10129	16370	10105	14383
nn	10127	15037	10127	14609
ja	10125	14919	10125	14919
ca	10122	16185	10106	14348
fi	10114	16529	10114	16215
da	10113	13686	9305	11162
sk	10105	15428	10049	13014
tr	10097	21002	10097	20794
mr	10091	24338	10091	23781
af	10086	12763	9863	11765
no	10085	15389	9998	14309
cy	10079	12920	10063	12685
ast	10077	15326	10077	15290
ga	10076	13436	8227	9758
br	10076	20073	10076	20073
sq	10074	14481	9994	12840
az	10072	12686	10072	12608
sv	10069	18334	10061	16032
kn	10068	24830	10068	24830
pl	10063	18303	10063	17793
ms	10061	16338	10013	15133
id	10061	17783	10061	17451
pt	10059	17592	10059	17124
nl	10055	17944	10055	17574
fy	10055	20995	10055	20995
es	10052	17455	10052	17148
ro	10048	18342	10048	18270
fr	10044	18993	10044	18954
su	10037	19436	10037	19436
it	10035	16632	10019	15721
sw	10034	18122	8430	11962
war	10031	17583	10031	17583
jv	10031	19807	10031	19744
de	10025	19623	10025	18639
lb	10022	20485	10022	20471
new	10019	24956	10019	24956
bpy	10017	25821	10017	25821
bo	10014	22154	10014	22154
uz	10009	21866	10009	20766
gu	10009	22456	10009	22456
vi	10007	20987	10007	18825
ne	10007	25316	10007	25304
pam	10006	18617	10006	15585
ceb	10005	20021	10005	20016
pa	10004	24802	10004	22713
ht	10004	16018	9788	13670
bcl	10003	19922	10003	19922
so	10001	14014	10001	14014
wo	10000	19051	10000	19045
ru	10000	17417	10000	17297
ilo	10000	20634	10000	20631
pms	9960	10172	9960	10172
nds	9942	10445	9942	10445
ps	9837	18671	9837	18671
sd	9448	22307	9448	22307
am	9094	16243	9094	16243
he	8638	13724	8630	13666
ko	8178	10229	8178	10228
nap	6780	9839	4957	6599
ka	6023	10175	6023	10175
fa	5886	8690	5886	8672
th	4799	6748	4781	6672
zh	4463	7802	4463	7802
an	3199	3587	3199	3587
yo	3042	3503	3042	3503
hy	1994	2277	1994	2277
mg	428	447	428	447
ku	306	333	306	333
io	264	273	264	273
wa	139	140	139	140
qu	120	120	120	120
diq	112	119	112	119
tt	57	60	57	60
kk	49	50	49	50
