	by turker	by assign

Avg.	0.46 (0.32)	0.55 (0.42)

Urdu	0.20 (0.18)	0.13 (0.20)
Telugu	0.49 (0.33)	0.55 (0.40)
Tamil	0.33 (0.32)	0.37 (0.41)
Tagalog	0.73 (0.24)	0.77 (0.36)
Spanish	0.61 (0.31)	0.72 (0.36)
Serbo-Croatian	0.67 (0.21)	0.76 (0.34)
Serbian	0.59 (0.23)	0.63 (0.38)
Russian	0.16 (0.20)	0.09 (0.08)
Romanian	0.72 (0.22)	0.76 (0.32)
Portuguese	0.71 (0.26)	0.78 (0.32)
Norwegian (Nynorsk)	0.57 (0.22)	0.63 (0.39)
Marathi	0.33 (0.27)	0.32 (0.36)
Malayalam	0.39 (0.32)	0.48 (0.41)
Malay	0.65 (0.25)	0.80 (0.33)
Macedonian	0.50 (0.26)	0.50 (0.40)
Latvian	0.55 (0.20)	0.61 (0.40)
Kannada	0.27 (0.28)	0.24 (0.37)
Javanese	0.49 (0.30)	0.81 (0.30)
Italian	0.69 (0.25)	0.74 (0.32)
Irish	0.59 (0.27)	0.65 (0.38)
Indonesian	0.70 (0.23)	0.76 (0.33)
Gujarati	0.34 (0.30)	0.29 (0.38)
German	0.69 (0.27)	0.80 (0.31)
French	0.60 (0.28)	0.72 (0.34)
Croatian	0.66 (0.23)	0.73 (0.37)
Bosnian	0.66 (0.23)	0.67 (0.43)
Asturian	0.41 (0.34)	0.55 (0.40)
Albanian	0.56 (0.27)	0.77 (0.34)
Afrikaans	0.60 (0.24)	0.73 (0.37)
Polish	0.53 (0.27)	0.77 (0.34)
Hindi	0.30 (0.30)	0.35 (0.40)
Swedish	0.62 (0.23)	0.64 (0.40)
Swahili	0.61 (0.24)	0.66 (0.38)
Slovak	0.65 (0.22)	0.73 (0.37)
Danish	0.58 (0.26)	0.64 (0.39)
West Frisian	0.32 (0.27)	0.46 (0.44)
Central Bicolano	0.48 (0.33)	0.77 (0.32)
Belarusian	0.55 (0.22)	0.62 (0.40)
Waray-Waray	0.61 (0.34)	0.84 (0.28)
Punjabi	0.31 (0.34)	0.28 (0.41)
Welsh	0.57 (0.24)	0.71 (0.38)
Kapampangan	0.48 (0.35)	0.65 (0.40)
Azerbaijani	0.58 (0.21)	0.67 (0.39)
Greek	0.44 (0.24)	0.48 (0.42)
Uzbek	0.40 (0.33)	0.65 (0.38)
Newar / Nepal Bhasa	0.23 (0.27)	0.31 (0.37)
Turkish	0.64 (0.25)	0.72 (0.34)
Finnish	0.64 (0.24)	0.65 (0.37)
Luxembourgish	0.32 (0.30)	0.48 (0.40)
Hungarian	0.61 (0.24)	0.65 (0.36)
Norwegian (Bokmal)	0.63 (0.22)	0.69 (0.36)
Arabic	0.33 (0.28)	0.24 (0.33)
Sundanese	0.42 (0.33)	0.76 (0.35)
Dutch	0.67 (0.26)	0.76 (0.32)
Nepali	0.33 (0.30)	0.35 (0.40)
Bengali	0.20 (0.25)	0.24 (0.36)
Galician	0.54 (0.23)	0.59 (0.42)
Ilokano	0.52 (0.36)	0.62 (0.39)
Bulgarian	0.53 (0.24)	0.48 (0.42)
Basque	0.56 (0.26)	0.49 (0.40)
Somali	0.42 (0.26)	0.48 (0.21)
Haitian	0.58 (0.24)	0.56 (0.42)
Sicilian	0.35 (0.32)	0.23 (0.35)
Breton	0.22 (0.28)	0.12 (0.27)
Catalan	0.55 (0.29)	0.43 (0.43)
Lithuanian	0.58 (0.25)	0.61 (0.40)
Esperanto	0.58 (0.23)	0.47 (0.41)
Czech	0.61 (0.25)	0.67 (0.37)
Icelandic	0.57 (0.20)	0.49 (0.42)
Vietnamese	0.46 (0.24)	0.55 (0.38)
Bishnupriya Manipuri	0.18 (0.27)	0.51 (0.45)
Cebuano	0.55 (0.29)	0.68 (0.36)
Tibetan	0.06 (0.15)	0.06 (0.17)
Wolof	0.23 (0.27)	0.04 (0.19)
Slovenian	0.68 (0.23)	0.73 (0.36)
Ukrainian	0.43 (0.27)	0.47 (0.43)
Sindhi	0.14 (0.20)	0.15 (0.28)
Amharic	0.04 (0.11)	0.13 (0.25)
Pashto	0.08 (0.17)	0.07 (0.21)
Hebrew	0.34 (0.24)	0.39 (0.40)
Japanese	0.29 (0.34)	0.54 (0.43)
Neapolitan	0.60 (0.29)	0.54 (0.45)
Georgian	0.22 (0.24)	0.21 (0.36)
Low Saxon	0.63 (0.28)	0.75 (0.34)
Piedmontese	0.64 (0.29)	0.92 (0.23)
Korean	0.40 (0.30)	0.56 (0.43)
Persian	0.24 (0.27)	0.06 (0.20)
Chinese	0.24 (0.30)	0.23 (0.35)
Thai	0.28 (0.25)	0.39 (0.42)
Aragonese	0.67 (0.20)	0.70 (0.36)
Yoruba	0.31 (0.30)	0.30 (0.33)
Armenian	0.25 (0.24)	0.25 (0.35)
Malagasy	0.27 (0.31)	0.62 (0.37)
Kurdish	0.18 (0.25)	0.19 (0.35)
Ido	0.37 (0.36)	0.44 (0.46)
Walloon	0.54 (0.28)	0.05 (0.16)
Zazaki	0.04 (0.10)	0.04 (0.14)
Quechua	0.22 (0.32)	0.08 (0.19)
Tatar	0.00 (0.00)	0.00 (0.00)
Kazakh	0.42 (0.52)	0.50 (0.58)
