	by turker	by assign

Avg.	0.46 (0.33)	0.55 (0.42)

india	0.35 (0.33)	0.46 (0.42)
macedonia	0.54 (0.29)	0.60 (0.41)
us	0.47 (0.34)	0.60 (0.40)
philippines	0.62 (0.32)	0.73 (0.37)
indonesia	0.65 (0.26)	0.82 (0.31)
romania	0.67 (0.27)	0.72 (0.35)
pakistan	0.27 (0.25)	0.19 (0.30)
poland	0.60 (0.20)	0.81 (0.30)
serbia	0.66 (0.23)	0.67 (0.38)
moldova	0.28 (0.27)	0.45 (0.41)
italy	0.68 (0.29)	0.78 (0.34)
malaysia	0.53 (0.33)	0.56 (0.39)
germany	0.74 (0.27)	0.61 (0.40)
colombia	0.70 (0.40)	0.05 (0.20)
netherlands	0.59 (0.30)	0.73 (0.34)
bosnia	0.77 (0.22)	0.79 (0.32)
portugal	0.73 (0.19)	0.79 (0.30)
vietnam	0.49 (0.26)	0.70 (0.34)
ethiopia	0.09 (0.08)	0.18 (0.27)
sweden	0.68 (0.19)	0.66 (0.41)
finland	0.65 (0.34)	0.67 (0.37)
japan	0.51 (0.36)	0.59 (0.42)
scotland	0.48 (0.39)	0.63 (0.40)
spain	0.61 (0.29)	0.67 (0.39)
egypt	0.31 (0.34)	0.19 (0.30)
hungary	0.70 (0.25)	0.65 (0.37)
nepal	0.28 (0.29)	0.62 (0.39)
bangladesh	0.20 (0.21)	0.24 (0.36)
norway	0.69 (0.24)	0.72 (0.35)
canada	0.49 (0.38)	0.66 (0.39)
turkey	0.70 (0.25)	0.74 (0.33)
belgium	0.63 (0.33)	0.82 (0.30)
greece	0.57 (0.25)	0.61 (0.42)
costarica	0.70 (0.16)	0.76 (0.33)
thailand	0.36 (0.29)	0.65 (0.37)
taiwan	0.40 (0.38)	0.78 (0.28)
singapore	0.36 (0.35)	0.81 (0.33)
croatia	0.72 (0.29)	0.85 (0.28)
albania	0.68 (0.26)	0.81 (0.32)
kenya	0.54 (0.26)	0.56 (0.42)
israel	0.33 (0.20)	0.35 (0.39)
georgia	0.15 (0.21)	0.27 (0.39)
uae	0.31 (0.25)	0.34 (0.35)
jordan	0.40 (0.25)	0.26 (0.34)
madagascar	0.70 (0.00)	0.69 (0.35)
bulgaria	0.48 (0.21)	0.56 (0.40)
france	0.63 (0.31)	0.75 (0.35)
brazil	0.74 (0.29)	0.74 (0.36)
mexico	0.74 (0.19)	0.77 (0.32)
russia	0.10 (0.09)	0.07 (0.08)
slovakia	0.48 (0.29)	0.64 (0.40)
lithuania	0.55 (0.27)	0.56 (0.42)
nigeria	0.36 (0.33)	0.27 (0.31)
denmark	0.58 (0.33)	0.53 (0.44)
peru	0.70 (0.26)	0.59 (0.38)
ireland	0.54 (0.34)	0.63 (0.39)
czechrepublic	0.67 (0.30)	0.73 (0.34)
guam	0.91 (0.00)	0.91 (0.23)
australia	0.45 (0.36)	0.71 (0.39)
latvia	0.10 (0.14)	0.19 (0.36)
ukraine	0.37 (0.27)	0.52 (0.42)
austria	0.66 (0.32)	0.69 (0.38)
armenia	0.21 (0.06)	0.25 (0.34)
southafrica	0.79 (0.21)	0.71 (0.38)
maldives	0.59 (0.00)	0.60 (0.37)
guatemala	0.86 (0.00)	0.86 (0.27)
china	0.28 (0.31)	0.26 (0.35)
korea	0.45 (0.30)	0.71 (0.41)
morocco	0.38 (0.36)	0.62 (0.40)
saudiarabia	0.52 (0.10)	0.59 (0.38)
tunisia	0.43 (0.29)	0.50 (0.40)
slovenia	0.77 (0.22)	0.70 (0.37)
uzbekistan	0.08 (0.03)	0.07 (0.14)
srilanka	0.45 (0.15)	0.46 (0.38)
belarus	0.37 (0.42)	0.65 (0.40)
lebanon	0.20 (0.14)	0.04 (0.14)
guyana	0.43 (0.01)	0.42 (0.39)
algeria	0.27 (0.25)	0.12 (0.28)
luxembourg	0.78 (0.01)	0.79 (0.30)
cyprus	0.28 (0.00)	0.28 (0.41)
argentina	0.89 (0.17)	0.92 (0.18)
venezuela	0.77 (0.25)	0.77 (0.31)
dominicanrepublic	0.39 (0.31)	0.38 (0.43)
newzealand	0.36 (0.38)	0.54 (0.41)
switzerland	0.31 (0.25)	0.35 (0.34)
hongkong	0.29 (0.38)	0.20 (0.36)
aruba	0.57 (0.00)	0.57 (0.36)
tanzania	0.20 (0.29)	0.38 (0.49)
brunei	0.28 (0.28)	0.33 (0.41)
kuwait	0.19 (0.27)	0.32 (0.42)
stlucia	0.54 (0.00)	0.54 (0.43)
chile	0.86 (0.06)	0.85 (0.32)
malta	0.84 (0.22)	0.72 (0.36)
iceland	0.89 (0.15)	0.81 (0.26)
puertorico	0.62 (0.22)	0.75 (0.27)
oman	0.30 (0.00)	0.30 (0.45)
mauritius	0.50 (0.00)	0.50 (0.35)
panama	0.50 (0.00)	0.50 (0.41)
liberia	0.68 (0.00)	0.88 (0.25)
uruguay	1.00 (0.00)	1.00 (0.00)
kazakhstan	1.00 (0.00)	1.00 (0.00)
yemen	0.00 (0.00)	0.00 (0.00)
stvincent	0.00 (0.00)	0.00 (0.00)
zambia	0.00 (0.00)	0.00 (0.00)
estonia	0.00 (0.00)	0.00 (0.00)
cameroon	0.00 (0.00)	0.00 (0.00)
bahrain	0.75 (0.00)	1.00 (0.00)
anguilla	0.00 (0.00)	0.00 (0.00)
