id
1788
1143
1042
1147
1263
763
1952
2280
1785
1786
954
227
131
498
1197
2131
956
2099
225
2481
5586
1774
1948
1912
2523
1835
1891
1943
4674
2336
1947
1070
3125
344
288
1373
403
262
1094
8
282
3153
349
286
3834
1025
1096
1260
3831
642
3480
1791
1151
1993
2702
1955
1652
122
1026
1951
2840
126
127
2129
129
3509
1958
14
2748
1702
1703
23
132
1559
1063
1822
2495
2311
415
18
297
294
1295
3295
2104
376
1128
2648
2594
1120
1121
311
3173
987
1088
270
3274
390
274
113
69
1928
279
80
1066
3300
85
1743
2541
1710
3663
834
835
2300
2305
1855
1133
526
1905
420
2178
2934
1013
854
2446
1232
300
1132
941
2935
2880
2933
1933
4115
1065
243
242
2076
103
5486
248
1117
1436
1437
1434
2276
842
2273
4589
1843
3013
31
903
3504
1297
1439
641
643
74
2168
695
649
2148
515
1027
2461
516
4260
1087
2298
2613
1935
2610
387
29
1708
4103
1944
1908
178
252
253
3406
4142
256
1903
254
170
3452
5239
856
1982
1424
3455
870
1907
4824
1732
939
1584
1989
730
3898
2
6
1690
2366
1030
1035
755
2047
467
2123
1950
1169
99
3524
1435
2186
1593
1866
91
226
166
224
95
222
5104
11
782
2211
1992
1021
2216
2895
2894
2897
865
88
866
2082
89
1100
3392
659
5223
3968
1109
904
860
1208
4243
112
5292
1799
3426
5520
4606
1899
3149
1894
236
2563
231
5076
233
3232
1816
1053
2340
2130
3235
1616
3373
284
1612
355
1610
871
354
5
1892
488
1792
4845
329
1752
4843
4372
2345
314
770
4255
1007
831
71
2533
655
1794
1882
1881
26
194
359
2127
1800
5443
2128
1049
1057
3548
1972
2339
2371
2003
809
4995
476
688
4859
350
684
478
2349
990
682
