id
1867
4026
4024
4025
4022
4023
4020
4021
4028
3570
3997
3996
3995
3994
3993
3992
3991
3990
4416
4733
4730
4731
4736
4737
4735
2316
4738
4739
2312
3683
3681
3680
4523
4657
4656
4651
4650
4653
277
278
2449
4812
4811
4810
4816
4815
4819
4818
2511
2839
5110
3518
3512
3510
3514
2686
2682
5119
3393
5293
5403
3394
5182
3206
5180
3204
5186
5184
5185
1998
1628
3535
5059
2860
2861
2863
2865
2867
2868
2869
5409
5055
5459
5450
5452
5453
5455
5456
5457
1176
4251
4250
5533
5532
5531
5537
5536
5535
5538
1289
2037
4388
5629
5628
4383
4382
4381
5624
5623
4384
1375
4597
3835
3836
3832
3839
4030
4035
4036
5665
4729
4728
4724
4727
2302
4721
4723
4722
3746
3744
3745
3743
3740
3741
4620
4622
4623
4624
4625
4626
4628
4629
2275
2274
5543
2457
2456
2451
5545
4538
4539
2057
4826
4535
3692
3693
4530
4531
4532
4821
5427
3527
3522
3520
3528
2699
2697
2695
4652
4556
4557
3233
5199
5198
1964
1965
3239
5190
5193
3677
2877
2874
3355
3354
3357
3351
3350
3353
3358
5441
5440
5446
1766
2964
5508
5509
5506
5505
5503
5500
5501
1546
696
1541
5618
5619
5612
5613
5610
5611
5616
5617
3826
3825
3824
3823
3822
3820
5471
3829
3828
4533
4288
5276
4758
4750
4752
4753
4754
4755
4757
1077
3759
3758
3750
3753
3752
3755
3754
3756
4632
2192
4630
4637
4636
4635
4634
2198
4639
4638
257
2208
2425
4839
4838
3689
3688
4529
4528
4527
4830
4525
4524
4835
3686
4837
4836
4423
2514
2515
2516
2517
2510
4420
2513
2736
4421
5298
5296
5297
5295
2739
4427
3531
3530
3533
3532
5058
3534
3537
3536
5054
3538
5050
5051
5052
5053
1817
1813
1819
1609
3229
3228
3225
3227
1973
1971
3222
802
2848
2849
2843
2841
5477
3323
5470
3327
3328
3329
5478
5479
1775
5275
1777
1771
5278
5519
5511
5510
5515
5514
5517
5516
1557
3033
537
539
5137
5607
5606
5601
5600
5603
5602
2997
5609
5608
5134
1902
1395
3812
3813
3816
3814
3815
3818
3456
258
4749
4743
4742
4741
4740
4745
4744
2187
4607
2189
4605
4602
4601
2213
5604
4511
4516
4514
2501
2500
2727
5288
2724
2722
5281
5283
5285
5284
5287
5286
5049
5048
5047
5046
5045
5043
5041
3785
3788
1808
4996
4992
4993
4991
2160
4998
1942
3251
1940
3253
1946
3255
3256
3257
2858
2852
2855
2854
2857
2856
3333
5460
5463
5181
5465
1495
5467
3334
5469
5468
5265
5264
5263
1997
5260
5269
5268
3658
1016
4198
4199
4196
4197
4192
4193
4190
5670
5671
5672
5673
5674
4359
5677
5678
4355
4356
4357
4350
4353
2487
3809
3808
3807
3806
3801
3802
5709
5704
5706
5700
5701
5702
4776
4777
4774
4775
4772
4773
4778
4175
4171
4172
4179
4888
239
4610
4613
4612
4615
4616
2225
4882
144
4883
4507
4503
1054
2088
2089
2539
2532
2536
2537
2712
2713
3341
2714
5078
3344
5070
5077
5074
5075
3798
3795
3794
1838
3791
3793
3792
4981
4980
4983
2405
4985
4984
4987
4986
4989
2159
5380
5381
5382
5384
5385
5387
5388
5389
1957
3249
3243
3240
3244
828
4405
4258
4401
5498
1485
3309
3306
3307
5496
3305
3302
3303
5492
5250
5251
5256
5257
5254
5255
5258
4978
1008
1003
4189
4188
4181
4180
5663
5662
5661
5660
5666
4349
5664
5669
5668
2882
2887
2884
2885
2888
3872
3874
3875
10
12
5719
5718
5716
5715
5714
5713
5712
5711
3905
3906
3907
1926
3902
3908
3909
4760
4763
4765
4764
4767
4769
4166
4164
4161
4160
4169
207
3470
2238
2744
3498
3499
3496
3497
3494
3495
3492
3493
3490
3491
4570
4572
4573
4574
4575
3654
3655
3656
3572
3650
3651
3653
2525
2526
2521
4493
5065
5061
2708
4880
2704
2707
2706
4884
4885
4886
4887
1829
4409
4404
1824
4406
4400
1820
4402
4403
2143
4979
4974
4976
4970
4971
5392
5391
5390
5394
5398
3277
1922
1924
1925
3270
3271
1929
3474
3475
830
836
3473
3
5489
5488
5487
3310
5485
5484
5483
5482
5481
3316
5249
5248
1728
1726
5244
5247
5246
5243
5242
5627
5625
4380
5620
3312
3317
5480
3336
4378
4379
5656
5657
5654
5655
3335
5653
5650
5651
1107
1456
1453
4080
4081
3869
4083
4088
3861
4454
3867
3865
5728
5722
5723
5720
5721
5726
5727
5724
5725
3917
3916
3913
3911
3910
3919
3918
4798
4799
4795
4796
4797
4790
4791
4792
4793
4153
4150
4151
4157
4154
4155
4158
4159
217
210
219
3489
3483
4563
4562
4560
4567
3649
3647
4569
3644
2552
2397
2395
2390
5289
4899
2726
4893
4890
4897
4896
4895
4894
3164
1858
1859
4418
4417
1851
4414
4412
4411
4410
2172
2170
3842
2176
2177
2174
4968
4967
3845
4965
916
910
4961
5697
5694
3846
5430
3260
5128
5129
3267
5127
5120
5121
5122
5123
3467
3464
3463
3462
3469
5233
5234
5236
5237
1596
3075
3076
2954
2952
2953
5344
5345
5346
5341
5342
1022
5348
5349
4365
604
4366
4363
5648
5641
5640
5643
5642
5645
5644
5647
5646
3108
3104
3107
3101
1111
1110
1113
1118
4092
4090
4094
4099
4098
2059
5735
4585
5737
5731
5739
482
4854
4852
246
3922
3923
3920
3921
3926
3927
3925
3928
3929
4788
4786
4785
4784
4783
4782
4781
4780
4145
4144
4147
4141
4140
3854
3855
3852
3853
3851
4375
4822
2464
4820
3679
3672
3673
4554
4555
4552
4553
4550
4551
2542
2540
2546
2381
2389
3580
5002
5001
5000
3585
5005
5004
2765
245
1849
4429
906
907
1842
908
909
1846
4424
1844
4959
4953
4956
4957
4954
2615
1941
3254
4082
3298
3299
5139
5138
3294
5135
3297
5133
5132
3292
3451
850
3457
3454
3458
3459
859
5229
5222
5220
5227
5226
5225
1798
3066
2948
3069
2944
5356
5353
2916
5351
5350
5359
5358
1692
616
5461
3119
3118
3117
3114
3331
3111
5462
3337
5464
1496
1308
4228
4229
4224
4226
4221
4223
5587
5584
5585
5583
5580
5581
28
5588
5589
5034
3937
3936
3931
3933
3932
4139
4434
4130
4131
4133
4134
4135
4136
3841
3843
5691
5696
3844
3847
5695
3848
5698
5699
4040
4049
7
3665
3667
3661
3660
3662
3669
4541
4543
4542
4545
4544
2577
2575
2572
4534
4827
4536
3593
3592
2596
3597
2591
5038
5039
5036
5037
3599
5035
5033
5030
4823
4435
1877
4437
4436
4431
4430
4432
3697
4949
2111
2115
2116
2626
2627
5108
5109
3288
5102
3286
5100
3284
5106
5107
3281
1916
3448
861
3447
3446
3441
3440
867
3442
4593
2026
2755
2020
2759
5217
5214
5213
5210
5245
5219
5415
5410
5411
5363
5361
5367
5365
5368
5369
1725
1911
5094
1910
3128
5101
3121
3126
3124
3282
1315
5096
4237
4236
4233
4232
4231
4230
5593
5592
5595
5594
5596
5599
5598
3949
3443
4122
4121
4124
5689
5688
5685
5684
5687
5686
5681
5680
5683
5682
4057
4056
4053
4051
4050
4058
4358
5675
2299
3613
3617
5679
2568
2562
2567
5029
5028
2581
5024
5026
1861
4441
4442
4443
4444
4445
4446
4447
4448
4449
3727
3720
3722
4687
4684
4685
4680
4688
4689
2109
2108
5114
5117
5116
5111
2638
5113
5112
2637
2631
2630
2633
3438
3431
3432
3433
3434
3435
2741
2740
4590
4591
4848
4849
4594
4844
4598
4847
4841
2039
2038
646
5201
5200
5203
5207
5206
5209
1968
3544
3545
3542
3549
5194
1789
1961
5379
5378
5374
5377
5373
5372
1674
1092
3135
3134
3131
3130
1410
1914
4208
4202
4203
4206
4207
4204
4205
5568
5569
5564
5566
5567
5560
5561
5562
5563
1523
3959
3952
3951
3957
3956
3955
4116
4118
4119
2476
4062
4063
4060
4061
4066
4065
4068
3602
3600
3607
3604
1837
984
3296
4453
4452
4451
3739
3738
3737
3736
3732
3731
4922
4921
4920
4695
4698
5160
5161
5162
5163
5165
5166
5168
2643
2644
3429
3428
3423
3422
3421
3420
3427
3425
3424
2000
2001
2005
4857
4856
4855
4586
4853
4580
4851
4850
1856
3557
3555
3554
3551
3550
3559
2913
4969
719
2917
1793
1795
4966
4964
5300
5303
5304
1064
5307
4960
1663
1086
1080
1089
3146
3148
1904
5414
3387
5416
5417
3382
3383
3380
5413
3388
3389
4214
4217
4216
4210
4213
4219
4218
38
5578
5576
5574
5572
5571
5570
3096
3095
1937
3098
3099
4101
4109
3892
3890
3891
3896
3894
3895
4078
4074
4076
4070
3500
3964
3962
3963
3960
3961
5081
3969
5080
3633
3631
3506
3708
4468
4469
4466
4467
4464
3701
3706
3707
4460
4461
2120
2122
2124
4919
4914
4915
4912
4913
4910
4911
4370
5173
5172
5171
5170
5177
5176
5175
5179
5178
3415
3412
3418
3419
4868
2018
2015
4863
4860
4861
4867
2013
4865
3562
3563
3561
3566
3567
3564
3565
3568
3569
4484
4485
4486
4487
4480
4481
4482
4483
2902
2906
2905
2904
83
81
5318
5313
5312
5315
5314
1656
585
3155
3154
3159
3158
3391
3390
5405
5404
1432
5402
1430
3396
3399
1438
5408
4262
4263
4265
4268
4269
5548
4462
5541
5546
5547
5544
4463
1503
3089
1504
3084
3087
658
3082
4669
3884
3887
3886
3880
4660
4663
4008
4000
4002
4003
4004
4006
3971
3970
3974
3977
3976
3979
3978
3621
3620
3623
3622
3624
3626
4714
4715
4710
4711
4712
4713
2338
4719
3714
3716
3711
3710
3713
3712
4479
4471
4470
4473
4472
4474
4477
4476
4909
4676
4673
4671
4906
3252
2246
2240
995
2650
2460
5148
5149
5146
5147
5145
5142
5143
5140
5141
3401
3400
3405
3407
5428
4873
5343
2069
2065
2306
3579
3578
3574
5093
3571
5095
3573
5097
4496
4494
2662
4490
5692
2668
2931
5326
5327
5324
5323
5320
5321
5328
5329
1647
5690
3797
4428
2808
2802
2800
2801
3162
5432
5433
1423
5437
1427
5435
1429
3361
3362
3363
4982
4271
463
5557
5551
5550
5553
5558
3395
3185
3186
4858
3188
4019
4018
4012
4011
4017
4016
4015
3988
3989
47
3987
3980
3982
3983
3612
4707
4705
4703
4700
2328
4708
289
3761
3762
260
264
4648
4642
4640
4646
4631
4644
5159
5158
2472
5151
5153
5155
5154
5157
5156
250
4800
4801
4804
4805
4806
4807
3687
3508
5083
3501
3502
3503
5086
5085
3507
2675
2677
2929
5333
5335
5337
5336
5338
3215
1639
568
567
3178
3175
3174
5429
2179
5425
3375
5426
5421
5420
5423
5422
5635
1747
5636
5637
1160
3308
4248
4249
4246
5630
4245
4242
5494
5632
5495
5633
4962
46
5490
4398
4399
5638
1860
4390
2032
4392
4393
4394
4396
4397
3197
3196
3191
3190
1864
