id
1869
1718
3734
4027
3725
4029
345
346
347
340
341
3999
3998
348
964
457
2185
960
961
4732
4734
2319
2317
2314
2315
2313
2310
298
299
296
295
292
293
290
291
4641
3776
587
2147
4522
4655
271
272
273
275
276
4520
4659
4658
2814
583
3211
2268
2269
2262
2263
2260
2261
2266
2267
2264
2265
2442
2443
2440
2441
2447
2444
2445
2448
108
109
102
100
101
106
107
104
105
2046
2044
2045
4817
2043
2040
4814
2048
2049
4645
3519
3513
3511
5299
3517
3516
3515
2688
2689
2684
2685
2687
2680
2681
2683
342
343
5573
98
90
93
92
94
97
96
1623
1990
3205
1620
1995
3202
1625
3200
1999
5188
5189
3209
3208
4526
2862
2864
558
2866
555
554
557
556
551
550
553
552
5458
1198
3348
3349
3342
1190
1193
1192
3346
1194
1196
1759
1758
1757
1756
1755
1754
1753
1751
1750
1177
1175
1174
1173
1172
1171
1170
4253
4252
4254
1179
1178
5530
5534
5539
513
644
1285
1284
1287
1286
1281
1280
1283
1282
1288
514
3430
689
517
685
687
686
681
680
1575
1227
622
1240
621
2190
1224
4521
627
1222
4389
1221
5626
624
4387
4386
4385
407
406
405
1372
1374
401
400
1379
1378
4183
409
408
3837
3830
2747
3833
1344
4595
3838
1345
4031
2749
4033
4032
4034
4037
4039
4038
4186
2318
379
378
371
370
373
372
375
374
377
393
392
391
397
396
395
394
399
398
2309
2308
4725
2303
4726
2304
2307
2746
963
3748
3749
3747
3742
244
247
241
240
4627
249
2197
2277
2271
2270
2272
2279
2278
2459
2458
2455
2454
2450
2453
2452
2155
179
177
176
175
174
173
172
171
3698
2050
2053
2052
2055
2054
4828
4829
3690
2058
4537
3694
3695
3696
653
1367
651
3526
3595
3525
3523
3521
3529
1364
4654
3594
3224
2696
2694
2693
2692
2691
2690
3226
1032
1362
3230
3231
3236
1969
1618
1619
5195
1617
3238
1967
1960
1962
1963
1363
2873
2872
2871
2870
2875
2879
2878
3356
3352
3359
5449
5448
5442
5447
5445
5444
1768
1769
1361
1762
1763
1760
1761
1767
1764
1765
1142
1140
1141
1146
1144
1145
1148
1149
336
5507
5504
5502
692
693
690
691
697
694
698
699
542
543
540
541
546
547
544
1781
548
549
761
5476
3322
5614
5615
414
19
416
417
410
1389
412
413
1384
1385
1386
1387
1380
419
1382
1383
3827
3821
2769
2768
2763
368
369
366
367
364
365
362
363
360
361
1368
380
381
382
383
384
385
386
388
389
5271
4759
1773
1369
4751
1772
1243
4756
1076
1075
3751
5371
3757
1778
4633
2191
2193
2194
2195
2196
2793
2199
251
255
2200
2201
2202
2203
2204
2205
2206
2207
2209
4701
2428
4813
2400
2420
2421
2422
2423
2424
2426
2427
901
168
169
164
2042
167
160
161
162
163
4831
3682
4833
4832
4834
3685
3684
3212
2518
2519
1980
2512
2734
2735
2737
2730
2731
2732
2733
4426
5294
2738
5290
5291
3539
678
5056
5057
1091
1814
1815
1810
1811
1812
1818
2794
1098
2795
1099
2165
2167
2166
1979
1978
1977
1976
1975
1974
3221
3220
3223
1970
808
803
801
800
807
806
805
804
1085
2846
2847
2844
2845
2842
3320
3321
5474
5475
3324
3325
3326
5274
1776
5270
1770
5272
5273
1779
5279
3972
3975
1159
1158
1155
1154
1157
1156
1150
1153
1152
5518
2807
5513
5512
1554
59
58
55
2991
57
56
51
50
53
52
536
535
534
533
532
531
530
1081
538
3541
5605
429
428
1900
1399
1398
421
1396
423
1394
425
424
427
426
3810
3811
3817
855
3819
5124
1420
3627
1443
4748
4747
4746
2332
2183
2182
2181
2180
229
2184
4604
2188
223
4603
221
220
2212
2210
2217
2215
2214
2219
2218
151
150
153
152
155
154
157
156
159
2432
2431
2430
2437
2436
2435
2434
4518
4519
4512
4513
4510
5473
4517
4515
2509
2508
2507
2506
2505
2504
2503
2502
2725
2723
2721
2720
5280
5282
2729
2728
1163
5044
5042
5040
1807
3783
1805
1804
3786
1802
1801
3789
1809
4997
5436
3258
3259
1949
3250
1526
1945
818
819
810
811
812
813
814
815
816
817
2859
3207
1622
2851
2850
2853
1621
3332
3330
5466
1498
1499
3339
3338
5187
1700
5266
422
1704
5262
5261
1707
1709
1996
1392
1391
3217
1390
1129
1122
1123
1124
1125
1126
1127
524
525
527
1018
521
522
523
1014
1015
1017
1010
1011
1012
1234
1235
1236
1237
1230
1231
1233
4194
4195
1238
1239
4191
5676
4354
3954
4351
4352
2488
2489
4677
438
439
436
437
434
435
432
433
430
431
3805
3804
3800
3803
1966
559
4670
5708
5705
5707
5703
2701
4770
4771
4779
4174
4176
4177
4170
4173
4178
5064
997
4619
4618
996
238
234
235
237
230
4614
4617
5060
2462
2228
2229
2226
2227
2224
992
2222
2223
2220
2221
1
133
146
147
145
142
143
140
141
999
5355
148
149
4505
4504
4506
4501
4500
4502
4509
4508
1055
594
2083
2080
2081
2086
2087
2084
2085
1191
2538
123
5451
2530
2531
3340
2534
2535
2710
2711
2716
2717
2715
1195
2718
2719
3347
3409
5079
5072
5073
3345
1832
1833
1830
1831
1836
1834
3796
3790
2154
2407
2404
938
2150
2151
2152
2153
933
4988
931
930
937
936
2408
934
5383
5386
3091
136
1954
1956
1953
1959
3248
3242
3241
3247
3246
3245
829
825
824
827
826
821
820
823
822
4259
4407
1483
1480
5499
3304
5497
5491
3301
1713
2411
795
794
1717
1716
1715
2410
1719
5259
2413
799
798
612
2412
1271
1272
2414
1139
1138
2417
1131
1130
1137
1136
1135
1134
2419
4257
2418
4256
2062
923
1994
2796
519
518
4972
1009
511
1006
1005
512
1002
1001
1000
623
1226
1225
620
1223
626
625
1220
629
4182
4185
4184
1229
1228
5667
2883
2881
2886
3878
3879
3870
3871
3873
3876
3877
1920
13
15
17
16
5717
5710
1598
1923
3194
3904
3900
3901
3903
4761
4762
4766
4768
4167
4165
4163
4162
929
4168
201
200
203
202
205
204
206
209
208
4717
2745
4706
837
2239
998
2231
2230
2233
2232
2235
2234
2237
2236
5090
683
5092
4608
228
4571
2097
2096
2091
3659
4576
4577
4578
4579
3657
2098
3652
2524
2527
4621
2520
2522
2529
2528
4600
2791
2663
4889
5067
5066
2709
2660
5063
5062
2705
4881
5069
2700
2703
4408
1828
1825
1827
1826
1821
1823
928
2146
2145
2144
2415
2142
2141
2140
920
4975
922
4977
924
925
926
4973
5393
5397
5396
5395
5399
2666
3276
1921
3275
3272
3273
1927
3278
3279
832
833
3476
3477
3471
3472
4220
838
839
3478
3479
1365
4222
493
1986
2175
3941
3319
3318
3311
5582
3313
3315
3314
787
780
781
1729
1727
1724
1722
1723
1720
1721
2439
5622
60
61
62
2438
64
5621
66
67
68
1371
1588
1589
1370
1583
1586
1587
1585
2433
1038
404
508
158
506
1033
504
505
1036
503
500
501
630
1213
632
1211
1216
1217
1214
1215
638
639
1218
1219
5658
5659
4373
4371
4376
4377
4374
2899
2898
2896
1106
1455
1104
1457
1450
1103
1452
1101
1898
1458
1459
1108
3868
4084
4085
4086
4087
3863
3862
3860
3866
3864
1357
1981
3735
5729
1890
1893
320
4691
3915
3914
3912
958
4693
1199
4794
4694
4152
4156
1393
951
216
214
215
212
213
211
983
218
788
462
4
3488
4368
3481
3482
3485
3484
3487
3486
4561
4566
4565
4564
3646
3645
4568
3643
3642
3641
3640
2550
2551
2553
2554
2555
2556
3004
2558
2559
2396
2394
63
2392
2393
2391
2398
2399
2778
2779
640
2649
2770
2771
4891
2773
2774
2775
2776
2777
2803
4419
921
1850
1852
1853
1854
1857
2173
2171
919
918
5169
915
914
917
2805
911
913
912
2604
2605
2606
2607
2600
2601
2602
2603
2608
2609
3261
1932
3263
3262
3265
1936
1934
3269
5125
5126
1938
458
2051
847
846
3465
844
843
3461
840
849
848
1428
5438
3367
932
1069
4905
5238
1738
5309
1731
1730
1733
1735
1734
1737
1736
1039
796
5454
1806
509
1595
1594
1597
3073
3074
1590
3077
3078
3079
1599
2951
3787
1024
5347
5340
1020
1023
502
1029
1028
1037
3136
1034
605
1212
4367
606
1209
600
603
4362
1205
1204
1207
1206
1201
1200
1203
1202
5649
1358
634
635
3109
3105
3106
637
3100
3102
3103
1447
1446
1445
1112
1115
1114
1441
1116
1119
1449
1448
4093
4091
1350
4097
4096
4095
2401
1356
5734
5736
5730
489
5732
487
486
485
484
483
5738
481
480
5555
2301
3705
1803
723
3924
4720
2320
4789
4787
4149
4148
453
4825
4146
4143
3856
3857
3850
3858
3859
199
198
2465
3664
195
197
196
191
190
193
192
3678
4558
4559
3670
3671
3676
3674
3675
2543
1454
2547
2545
2544
2549
2548
2380
2383
2382
2385
2384
2387
2386
2388
1451
5003
3581
3582
3583
3584
5006
3586
3587
3588
3589
2761
2760
2767
2766
2764
2007
902
900
1848
905
4422
1841
1840
1847
1845
4425
4958
2169
1188
4952
2164
4950
4951
2161
2163
2162
2617
2616
2614
2612
2611
2619
2618
4718
1909
1906
5136
3290
3291
5131
5130
3453
3450
857
851
852
853
858
3293
4089
5424
5228
5221
2579
5224
740
741
2949
2947
2946
2943
2942
2941
2940
1050
1051
1052
5354
5352
1056
1058
1059
1696
1697
1694
1695
1693
1691
1698
1699
1278
1279
618
619
1270
613
610
611
1274
617
614
615
3116
3115
3113
3112
3110
1304
1305
1306
1307
1300
1301
1302
1303
1309
4587
2804
3590
499
494
495
496
497
490
491
492
2041
24
25
27
20
21
22
927
5267
3939
3938
1701
3935
3934
3930
1705
4138
1706
4132
3950
4137
5693
1060
3849
1600
1870
5306
4044
4045
4046
4047
4041
4042
4043
3648
5098
4048
607
2288
2289
3666
3699
2281
2282
2283
2284
2285
2286
2287
4549
4548
4946
4540
2135
4547
4546
2578
2762
2576
2574
2056
2573
2570
2571
2378
2379
3691
2374
2375
2376
2377
2370
1073
2372
2373
2595
3591
2597
2590
3596
2592
2593
5431
3598
5032
2599
5031
1876
1874
1875
1872
1873
4433
1871
1083
4439
4438
1878
1879
977
976
975
974
973
972
971
970
4948
979
978
2118
2119
180
181
186
187
184
185
2110
188
189
2114
2117
2622
2623
2620
2621
2624
2625
2628
2629
1919
1918
602
3289
3287
5103
3285
3283
2112
1917
5105
869
868
2113
3449
3445
3444
863
862
864
2024
2025
2754
2027
2752
2021
2750
2023
2828
2028
2029
2758
2829
883
882
881
880
887
886
885
884
889
888
5216
5215
5212
5211
657
5218
418
777
776
772
778
77
76
2978
2979
73
72
70
2971
79
78
5362
5360
1040
5366
1046
1045
1044
609
1048
1681
1680
1683
1682
1685
1684
1687
1686
1689
1688
1269
1268
669
668
667
1262
665
664
663
1266
661
660
5241
1913
3129
3122
1915
3120
3127
5240
1469
520
3280
1461
1460
1463
1019
1317
1316
1314
1313
1312
1311
1310
1319
1318
4239
4238
4235
4234
2060
5591
5590
5597
528
464
529
4609
3123
3948
319
318
313
312
3942
310
3944
316
3946
3947
4211
2756
4129
4128
2757
4123
4120
4127
4126
4125
443
442
1337
2753
1336
2022
4495
1331
2751
446
3201
445
3840
1332
3404
2326
4055
4054
4052
4458
4059
4361
2136
3610
2669
3614
3615
3616
3618
2292
2291
2290
2297
2296
2295
2294
4360
2787
2569
2561
2560
2565
1615
2566
2369
2368
2367
5253
2365
2364
2363
2362
2361
2360
2587
2586
2585
2584
2583
2582
2580
633
5025
402
5027
2588
4440
1863
1862
3728
3729
3724
1868
3726
3721
3723
4686
965
966
967
4682
4683
962
4681
968
969
5577
2103
2102
2101
2100
2107
2106
2105
5115
2639
2635
2634
2636
5118
2632
1241
636
5192
878
879
876
877
874
875
872
873
3436
3437
4592
2036
2743
2742
4596
2031
2030
9
1245
4846
4599
4840
4842
3097
890
891
892
893
894
895
896
897
898
899
5202
5205
5204
648
5208
3237
3546
3547
3540
3234
3543
4369
5400
5197
5196
1780
5191
1782
1783
1784
1787
1611
3045
1078
1079
5375
1074
5376
1072
5370
1071
1678
1679
1675
1676
1677
1670
1671
1672
1673
1095
1097
1090
679
4904
1093
674
675
676
677
670
671
672
673
3137
5357
3133
3132
3139
3138
2557
5183
1418
1419
2490
1411
1412
1413
1414
1415
1416
1417
1322
1323
1320
1321
1326
1327
1324
1325
1328
1329
2494
4209
4200
4201
647
5565
1256
1257
1254
1255
1252
1521
1250
1251
1258
1259
308
309
3958
3953
301
302
303
304
305
306
307
4117
4114
4112
4113
4110
4111
3343
1626
75
2475
2474
1624
4067
4064
4261
1105
4892
2772
3603
1043
3601
981
3606
3605
3609
3608
1041
2698
1047
2478
470
5364
117
2035
2358
2359
2352
2353
2350
2351
2356
2357
2354
2355
4450
4457
4456
4455
1895
4459
4947
3733
3730
959
4690
2134
4692
2132
2133
4697
4696
4699
950
953
952
955
2138
2139
3203
1102
5164
5167
2640
2641
2642
2645
2646
2647
2786
2137
2002
2006
4588
2004
4584
2008
2009
4581
4187
4583
4582
4413
507
3556
3553
3552
3558
666
1261
2914
718
2918
1267
715
1790
1797
1796
662
1265
1264
5308
1068
1061
5301
5302
1062
5305
1067
1669
1668
1667
1666
1665
1664
1662
1661
1660
591
590
593
592
595
1082
597
596
599
598
3140
3141
3142
3143
3144
3145
3147
2824
2825
2826
2827
2820
2821
2822
2823
3386
3384
3385
5412
3381
628
5418
5419
713
1409
1408
1403
1402
1401
1400
1407
1406
1405
1404
4215
449
448
1339
1338
4212
1335
1334
441
440
447
1544
1333
444
65
39
5579
33
32
5575
30
37
36
35
34
3092
3093
3090
1242
645
1244
3094
1246
1249
1248
3264
339
338
335
334
337
3266
331
330
333
332
4100
4102
4105
4104
4107
4106
4108
1939
1901
3899
3893
3897
3466
545
845
1464
1353
4079
841
4075
4077
3460
4071
4073
4072
3966
3967
3965
1462
3638
3639
3636
3637
3634
3635
3632
3630
4611
3468
1991
2344
2347
2346
2341
2343
2342
2348
232
3709
1889
1888
3702
3703
3700
4465
1883
3704
1880
2121
4668
4918
949
946
4917
944
1084
942
4661
4662
2659
2658
5174
2653
2652
2651
2657
2656
2655
2654
3416
3417
3414
130
137
3413
3410
3411
1931
139
138
1354
4869
2019
1930
4862
2014
2017
2016
2011
2010
4864
2012
5277
183
3560
4488
4489
2901
510
700
4069
82
5068
86
87
84
5319
5311
5310
5317
5316
1658
1659
601
1653
1650
1657
1654
1655
586
1739
584
582
411
580
581
1984
588
589
1839
3152
3151
3150
3157
3156
2838
2837
2836
2835
2834
2833
2832
2831
2830
5407
5406
1433
5401
1431
3398
3213
1381
5230
5231
1349
5232
1348
459
4264
4266
4267
450
451
452
1343
454
455
456
5235
1377
1887
1886
1885
5549
3368
5542
5540
2483
656
3940
654
652
3088
650
1505
3085
5252
3086
3081
3080
3083
3943
317
3945
315
2125
4395
3885
3881
948
3883
3882
1247
2126
3889
3888
4664
947
1210
631
4666
1884
4963
945
54
4665
943
940
4009
1376
4001
754
4005
4007
322
323
3973
321
326
327
324
325
328
3629
3628
2819
3625
1340
2818
4866
2330
2331
4716
2333
2334
2335
2337
1341
1291
1591
3715
3717
1342
1592
3719
3718
4478
2955
4475
4679
4678
2486
2950
4675
2485
2482
4672
2480
4903
2248
2249
2244
2245
2247
2241
2242
2243
994
2466
2467
991
993
2463
5144
2468
2469
120
121
3403
3402
124
125
128
3408
4875
4874
4877
4876
4871
4870
4872
1189
4879
4878
2068
3377
2798
2799
3376
2792
2061
2790
2063
2064
2797
2066
2067
1346
3374
135
134
3372
3371
3370
1347
5099
5071
2149
3575
5091
3577
3576
4497
2667
2664
2665
4492
4491
2661
4667
4499
4498
3668
2938
2939
2936
2937
1397
2930
5325
5322
3799
1645
1644
1640
1643
2598
579
578
4364
573
572
571
570
577
576
575
574
2809
3168
3169
3166
3167
3165
2806
3163
3160
3161
1421
2406
1422
1425
3369
5434
1426
3364
3365
3366
5439
3360
2156
733
2157
5652
2402
2403
4273
4272
1359
4270
469
468
465
1352
1351
466
461
460
1355
608
5472
5554
5556
5552
5559
1273
2158
4955
935
1515
2409
1512
2416
4225
3439
1253
1275
1004
3184
3187
3180
3181
3182
3183
1276
3189
4227
1896
3397
1277
4013
4010
1897
4014
357
356
353
352
351
3984
3985
3986
3981
358
3611
43
2323
2322
2321
4704
2327
4702
2325
2324
2329
4709
2293
1444
3619
281
280
283
285
287
1442
3760
3763
3764
4415
1440
263
261
267
266
265
1031
269
268
182
2499
2498
4649
2491
4643
2493
2492
4647
2497
2496
259
2259
2258
2257
2256
2255
2254
2253
2252
2251
2250
2477
988
989
2473
2471
2470
982
5150
980
5152
986
2479
985
115
114
2484
116
111
110
119
118
165
2785
2784
4802
4803
2781
2780
2783
2782
4808
4809
2789
2788
2079
2078
2073
2072
2071
2070
2077
2075
2074
1388
1330
5089
5088
5082
5087
3505
5084
2671
2670
2673
2672
2674
2676
2679
2678
2928
5733
2920
2922
2925
2927
2564
5331
5330
5332
5334
5339
3214
1987
3216
1985
3210
1983
1636
957
1638
3218
3219
1988
3268
2815
569
2817
2816
2811
2810
2813
2812
560
561
562
563
564
565
566
3179
3171
3170
3172
3177
3176
3379
3378
1186
1187
1184
1185
1182
1183
1180
1181
726
725
1748
1749
720
1744
1745
1746
1740
1741
1742
1164
1165
1166
1167
1614
1161
1162
2429
4247
4244
1168
4240
4241
5521
5522
5523
5524
5525
5526
5527
5528
5529
1366
48
49
44
45
42
2034
40
41
1298
1299
1292
1293
1290
5493
1296
1294
3192
797
1360
1712
2033
1711
2589
793
792
5639
5634
4391
1714
5631
472
473
3195
471
3193
477
474
475
1865
479
3199
3198
